-0.93967,0,-0.34215,0,0,1,0,0,0.34215,0,-0.93967,0,8.81333,0,-0.540961,1|
-0.80852,0,-0.588509,0,0,1,0,0,0.588509,0,-0.80852,0,11.2629,0,1.22424,1|
-0.581043,0,0.813904,0,0,1,0,0,-0.813904,0,-0.581043,0,12.6599,0,0.746941,1|
-0.916824,0,0.399357,0,0,1,0,0,-0.399357,0,-0.916824,0,13.4519,0,0.0504276,1|
-0.939674,0,-0.342152,0,0,1,0,0,0.342152,0,-0.939674,0,14.8524,0,0.0691049,1|
-0.675488,0,-0.737409,0,0,1,0,0,0.737409,0,-0.675488,0,15.9927,0,1.07146,1|
-0.644231,0,0.76487,0,0,1,0,0,-0.76487,0,-0.644231,0,17.5462,0,0.963987,1|
